trafficcone 0 1 -1.4313687953880077 639.918762 336.152771 654.0979 373.226013 0.787652 0.273341 0.266047 -6.91833134351 -4.31928068524 51.5486217463 -1.56478140732
trafficcone 1 0 4.469725010128824 1909.307861 361.271057 1919.0 398.270477 0.754734 0.366666 0.358447 22.8326521895 -3.73159612296 50.9219890406 4.89123502633
car 0 1 4.534505717419169 1152.006714 143.005676 1192.425415 173.850937 1.468761 1.623063 4.211674 13.5691462367 -21.7937354647 128.242429335 4.63992204638
trafficcone 0 0 4.310316508530642 1878.182251 374.279999 1891.359131 411.011872 0.722287 0.079596 0.353392 21.0640699098 -3.30626698042 48.7889007833 4.71788125168
unknown_unmovable 0 1 -1.2648486921168263 97.723 507.48999 273.264138 571.807556 0.724314 2.28323 0.853702 -11.266555088 -0.042860860613 32.7193946562 -1.59647119617
trafficcone 0 0 4.38146430064862 1698.987061 369.23584 1711.961548 408.379273 0.777628 0.125355 0.312529 17.0301463219 -3.35190810173 48.6978313981 4.71788125168
trafficcone 0 0 -1.31774402348656 222.263184 535.816589 247.11673 593.903869 0.7572 0.256552 0.147295 -10.0421392863 0.333382449753 31.1485298765 -1.6296182496
trafficcone 0 0 3.1928370526066923 1641.323975 193.39946 1678.311402 221.093613 0.959372 0.50085 1.303643 28.556674596 -12.9442403108 86.7952146671 3.51069345541
trafficcone 0 0 -1.4866371248129613 1819.903687 354.405487 1833.235718 388.413635 0.717123 0.216215 0.255263 21.0437508381 -4.01782862144 51.936312421 -1.10166998422
motorcyclist 0 2 3.3647236893920844 1355.407227 175.407059 1395.904419 204.213806 1.160854 0.347146 1.735799 19.8783069784 -15.6161185832 99.8957960919 3.56114831641
pedestrian 0 1 3.1603555403296695 1577.801147 124.743996 1591.84729 155.247452 1.616288 0.467645 0.675015 37.5590259924 -22.5774536349 127.4636548 3.44691030698
truck 0 0 0.416583040590304 50.529026 116.399376 158.077183 164.929001 2.502641 2.217077 5.177756 -48.3832276101 -21.9545217813 126.676965141 0.0517403445411
pedestrian 0 1 3.4751455735928976 1701.295288 307.02887 1722.074951 387.7417 1.757292 0.363082 0.23269 18.4011968489 -4.06783441624 52.2926640756 3.81350197216
car 0 1 4.684831604492496 981.479736 115.733414 1011.345031 147.495728 1.964578 2.042194 4.578697 4.04702716087 -28.7901778556 159.088558958 4.71026495141
trafficcone 0 2 -1.4782517062249738 593.141785 318.642303 605.3042 349.198242 0.679687 0.251585 0.272796 -8.5004516558 -5.12321738941 54.4508972899 -1.63311397042
trafficcone 0 0 4.297794149321573 1827.104614 553.00592 1850.317627 610.756774 0.72611 0.139374 0.309201 12.9075375639 0.546197306722 31.459550351 4.6871395848
trafficcone 0 2 -1.4553713825905905 541.695923 336.057098 553.659729 372.076629 0.767963 0.223697 0.21007 -9.2389461681 -4.33189193647 51.4308200758 -1.63311397042
trafficcone 0 0 4.3409674750304745 1799.211426 371.010437 1813.440796 408.952606 0.757913 0.145227 0.28152 19.3027880446 -3.34213472106 48.7642960809 4.71788125168
unknown_unmovable 0 1 -1.4649147356774725 559.521729 327.092285 668.005555 364.376037 0.727598 2.500619 0.81765 -7.89208633128 -4.6779008282 52.8950797993 -1.6130247925
trafficcone 0 0 3.3054395773627463 1598.615356 196.492737 1609.730712 215.077316 0.682003 0.25095 0.355378 27.2010081815 -13.5682637399 89.5718509116 3.60026733676
trafficcone 0 1 4.437311528059513 1564.356567 322.531647 1577.114013 356.490326 0.784084 0.199561 0.28894 16.1878085984 -5.10935240527 56.174264656 4.71788125168
pedestrian 0 0 1.483599832950721 1570.006104 214.672607 1592.123169 266.962768 1.619468 0.599328 0.325261 21.7491704479 -9.61110352902 74.3214839845 1.76828740203
car 0 0 4.70295434622433 853.026917 172.870605 898.528565 216.102035 1.500166 1.971869 4.569328 -2.91156217529 -14.9012318833 97.6465607551 4.67314582304
cyclist 0 1 3.3132051135981415 1559.383179 299.048279 1630.401001 371.283325 1.516736 0.514641 1.497844 15.9337160947 -4.57200042621 53.3460745089 3.60345580417
trafficcone 0 1 3.3105663606205527 1689.080933 198.336884 1700.220337 218.517838 0.727654 0.22883 0.336181 30.2585753824 -13.1537516752 87.6914961322 3.64283095774
trafficcone 0 1 -1.4875276339594519 614.240173 303.795532 625.658264 335.616302 0.747307 0.247854 0.30489 -8.42348440078 -5.74044211404 57.4496711197 -1.63311397042
pedestrian 0 0 1.6118934382787973 1608.357544 201.011917 1630.386841 252.670929 1.654362 0.62313 0.579024 24.1617263777 -10.5627903908 77.8949342311 1.91266654703
car 0 0 4.647797093248091 968.848083 198.54184 1024.564208 240.790085 1.241927 1.940157 4.268417 2.2011598461 -12.3585734072 86.8165145184 4.67314582304
car 0 1 4.706994633024711 973.84375 110.764816 997.391418 133.315857 1.592797 1.943152 4.581308 3.7597088769 -34.2102542545 183.042830921 4.72753179506
car 2 0 4.627920061778694 965.821106 857.804993 1270.308472 1079.0 0.567335 2.119461 4.531776 1.32317555105 3.5921010908 18.2734638674 4.70020357999
trafficcone 1 0 -1.1810877503741317 0 650.403259 16.936691 723.831726 0.751247 0.108557 0.267352 -10.8390207092 1.66348148779 25.3667101381 -1.58489908633
trafficcone 0 0 -1.3973004692702868 1729.328003 343.662323 1742.324951 377.760223 0.728253 0.188608 0.343851 19.3218508383 -4.35644766636 53.1270431675 -1.04848082236
unknown_unmovable 0 1 -1.2547974796998809 18.83243 556.454407 209.528399 630.298523 0.751218 2.223975 0.766749 -11.1166774498 0.687253792267 29.5122122142 -1.61504072749
car 0 0 4.671472825329052 983.500488 140.916931 1018.413757 169.372711 1.385942 1.926092 4.229255 3.61570773338 -22.5947459679 131.515803029 4.69895847417
cyclist 0 0 2.927150195037448 1406.748169 196.27713 1449.209351 227.73085 1.165759 0.341304 1.602954 19.8809836037 -13.0278198407 89.1972270299 3.1464534137
cyclist 0 1 2.9150976118915866 1603.958618 312.969269 1675.978393 389.779389 1.585473 0.670563 1.38549 16.2853135594 -3.95091148992 51.0381743589 3.22396673132
pedestrian 0 0 1.4755355917884097 1591.123291 216.831696 1609.290283 267.376252 1.554754 0.458779 0.395751 22.3192839223 -9.56494479679 74.0490600552 1.76828740203
trafficcone 0 0 4.321335920427549 1767.561401 517.993591 1790.279419 571.423095 0.725202 0.176056 0.29016 12.9065404444 0.023193285274 33.6947248435 4.6871395848
cyclist 0 1 1.0723416758858644 1517.664429 230.829163 1550.828369 267.306183 1.029852 0.347602 1.569297 20.3554217298 -9.7420890187 74.9960479811 1.33737648278
motorcyclist 0 2 3.355832281781472 1348.842651 175.361176 1385.923706 202.961014 1.130025 0.322316 1.608661 19.7469787858 -15.8632643446 101.152075671 3.54862816351
trafficcone 0 0 -1.2561356462092066 69.812477 594.262329 95.107521 659.016235 0.699663 0.132294 0.389548 -10.9625303317 1.04724715932 27.9745507932 -1.6296182496
trafficcone 0 2 -1.2527093408265553 65.1464 534.218079 82.392723 597.873108 0.805936 0.080161 0.279203 -12.3241024196 0.372249148765 31.1346074281 -1.6296182496
trafficcone 0 1 -1.3305396179725226 1639.039429 333.068451 1651.333863 362.686524 0.656214 0.195916 0.255547 17.6217818626 -4.8303906467 54.675647119 -1.01875468056
unknown_unmovable 0 0 -1.3893384021123478 531.123962 344.795471 644.482605 386.653839 0.785405 2.416147 0.826371 -8.03016732147 -3.93326897834 49.8630701893 -1.54901181121
trafficcone 0 0 4.404531816115973 1642.810181 357.966461 1655.662354 395.145233 0.765216 0.153938 0.282074 16.2614356434 -3.73565337732 50.1858048872 4.71788125168
trafficcone 0 1 0 1618.7478894 348.266216944 1629.48582816 382.313339823 0 0 0 0.0 0.0 0.0 0.0
trafficcone 0 1 0 1592.29589393 336.480674408 1604.08143647 369.480193507 0 0 0 0.0 0.0 0.0 0.0
trafficcone 0 0 0 1434.35290421 266.118031231 1445.70194517 289.470865513 0 0 0 0.0 0.0 0.0 0.0
motorcyclist 0 2 0 1341.09241232 172.121595748 1372.6175261 198.796692021 0 0 0 0.0 0.0 0.0 0.0
car 0 1 0 960.728092046 102.123555287 979.547170383 117.532465066 0 0 0 0.0 0.0 0.0 0.0
car 2 1 0 0 135.814012704 37.3365987515 165.985001594 0 0 0 0.0 0.0 0.0 0.0
car 0 1 0 721.32491051 94.122369059 743.149989279 117.766204392 0 0 0 0.0 0.0 0.0 0.0
