car 0 0 4.624717153844475 1041.396851 195.166046 1096.498169 237.997833 1.285191 1.830701 4.255547 5.11468608119 -12.5683787407 87.5916780352 4.68304329772
trafficcone 0 1 0.02103410854455201 1689.39502 199.364578 1702.222657 218.446304 0.682079 0.311004 0.429436 30.3286884492 -13.1686387285 87.7545690969 0.353790962185
trafficcone 0 0 -0.4156681910755323 1768.876709 517.825928 1790.511963 570.201111 0.673033 0.464578 0.081808 12.9220014462 -0.0133936128205 33.6992485093 -0.0495093230995
unknown_unmovable 0 1 0.3575003082853785 96.447311 508.290466 274.203735 571.439697 0.70608 0.906087 2.299704 -11.2917614913 -0.049779180579 32.7797798979 0.0257574423715
trafficcone 0 0 -0.3800466621029739 1879.909668 374.531982 1892.843872 411.166198 0.721879 0.337492 0.087283 21.0848194564 -3.2995486375 48.7539588226 0.0281374579271
car 0 1 4.544939079791175 985.389099 135.027954 1018.458374 167.626251 1.654359 1.348034 4.242666 3.74823927512 -23.1437619457 134.134507986 4.57287569484
trafficcone 1 0 0.4541701553795444 0 666.017456 10.717204 728.933289 0.599711 0.384846 0.443984 -11.1693947326 1.70978471155 25.5079709974 0.041441978828
unknown_unmovable 0 0 0.11624580865950138 530.026489 344.578613 644.489563 387.467132 0.784212 0.867863 2.465804 -8.03405443174 -3.92488139651 49.8269189717 -0.0436175244701
cyclist 0 1 3.3132910861741007 1559.18103 299.580872 1630.025024 370.579316 1.474098 0.643003 1.470235 15.9097445101 -4.58949312733 53.2813808996 3.60346167596
trafficcone 0 2 -0.08106344010936936 1639.724976 334.504547 1651.786622 365.075683 0.672866 0.310467 0.222004 17.5984490722 -4.76685045015 54.5630892429 0.230936392984
pedestrian 0 1 2.93613112166788 1686.538452 306.807648 1706.401367 380.775666 1.600752 0.494526 0.246978 18.1027338055 -4.24391037132 52.4665048959 3.26837515371
trafficcone 0 0 -0.3133466104826541 1820.358521 355.981476 1832.797486 386.091828 0.611219 0.4527 0.094008 21.0343459767 -4.07641812875 51.9032480903 0.0716865988106
car 0 0 -1.503461454100407 590.581848 664.735718 818.978638 905.160401 1.061684 2.047042 4.240206 -2.34377160889 2.54185813879 22.900035513 -1.60545426159
cyclist 0 1 1.1616419684099528 1511.636963 230.608383 1552.609741 266.713104 1.011184 0.724981 1.642082 20.3536370408 -9.80150063122 75.2628180824 1.42575841957
trafficcone 0 1 -0.2382744165367562 1591.869629 334.34903 1604.894898 371.277009 0.8053 0.345421 0.182176 16.1036809306 -4.53590785515 53.540256935 0.0538951220362
trafficcone 0 0 -0.3635783033061089 1801.788452 373.304108 1815.636719 407.348664 0.671284 0.311175 0.134481 19.3465972781 -3.37554924653 48.7313807233 0.0143434335458
car 0 2 4.530373541159941 1154.932983 142.549805 1193.945068 176.31015 1.568789 1.445337 4.240694 13.281893107 -21.006916025 124.348860911 4.63678164362
pedestrian 0 0 4.548495040012332 1563.105347 207.534409 1581.721192 253.148835 1.505252 0.516873 0.294969 22.7983601862 -10.6716505808 78.9484118362 4.82962250317
cyclist 0 1 2.834668737315825 1604.942871 312.814819 1677.812988 389.295074 1.585465 0.715569 1.368633 16.3473803297 -3.96563266355 51.1279171091 3.14413120339
car 0 0 4.580507333683139 1009.906982 144.271408 1057.819336 193.015427 2.085927 1.909819 4.234588 4.75970440959 -18.1731726534 112.166001299 4.62291635718
trafficcone 0 1 0.4304149357826058 65.823845 534.600586 82.633026 595.951843 0.762513 0.351684 0.017622 -12.3650241104 0.340210890511 31.2495466561 0.0536326050082
unknown_unmovable 0 1 0.10907050098901644 559.83374 327.905365 667.704162 364.653198 0.723553 0.764232 2.495224 -7.90502780479 -4.67507570618 52.9768863273 -0.0390531409938
trafficcone 1 0 -0.3991520890308617 1909.963257 361.561676 1919.0 396.549347 0.710764 0.403556 0.481821 22.9204358639 -3.7665161651 50.8909606677 0.0240204959175
cyclist 0 0 2.869574225193411 1405.630249 195.845413 1449.508179 226.560165 1.097685 0.775816 1.541516 19.7903747406 -13.0439198225 88.8663639728 3.08869665529
trafficcone 0 1 -0.09242024746030109 1565.307373 323.250214 1576.331055 354.68277 0.712166 0.347651 0.202648 16.1852408341 -5.15629561683 56.1502682925 0.188220960856
trafficcone 0 1 0.0883245793584715 614.231995 304.223724 625.211365 336.318908 0.753745 0.309925 0.235304 -8.43093161661 -5.72444098068 57.4602856839 -0.0573621186731
trafficcone 0 0 0.33301676166232347 225.258011 535.773193 245.917038 593.498718 0.71808 0.323911 0.134542 -10.0530366231 0.310160124056 31.2180331882 0.0214765607637
car 0 0 1.8596223542028916 323.25946 227.184311 418.042236 300.782196 1.683519 1.550405 4.238848 -17.1382556088 -7.79064755368 66.0299017467 1.60567308672
trafficcone 0 0 0.6752258669737182 1737.269043 322.358612 1748.712524 337.492615 0.36276 0.293865 0.107099 22.128524666 -5.96627970616 60.2517417041 1.0272004509
trafficcone 0 0 -0.31653969470001747 1698.13269 369.308197 1712.930419 408.647461 0.773753 0.366558 0.152585 17.0285231675 -3.34989867743 48.6896897014 0.0198996570785
motorcyclist 0 0 4.479375619397645 1377.792603 186.521881 1402.55774 236.631683 1.756521 0.528408 1.726996 18.1313658606 -12.6105575675 88.2659404729 4.68197481328
unknown_unmovable 0 1 0.3543102875979486 16.801151 557.109985 210.596256 630.979919 0.734781 0.934338 2.216794 -11.1676951475 0.688377165513 29.6336442593 -0.00608888681533
pedestrian 0 1 4.543070111527975 1548.449585 203.619629 1567.682861 252.404633 1.602078 0.507509 0.465376 22.3184522434 -10.7235853753 79.0938496387 4.81809625106
car 0 2 4.543775641951093 1207.60144 170.56842 1252.939331 205.882598 1.300451 1.426408 4.234668 13.7494630381 -16.2838167278 103.936095345 4.6752996274
car 0 0 4.4163505374189045 1100.825928 296.535034 1206.362671 364.362884 1.062951 1.449608 4.326426 5.31844205634 -5.11215280477 55.1300472619 4.51252376652
trafficcone 0 0 -0.43619106101302785 1828.165894 554.964355 1851.852784 609.961425 0.670465 0.37567 0.113954 12.894175461 0.525967698683 31.3762498067 -0.046277935284
trafficcone 0 0 0.018169071624396405 1597.986084 196.087784 1609.691406 214.295288 0.66404 0.330934 0.408649 27.1889104028 -13.6006900525 89.5746983547 0.31286433278
trafficcone 0 0 -0.20688695503865706 1730.101196 343.682556 1741.97998 379.084991 0.75141 0.422706 0.136711 19.3099406302 -4.32606359689 53.0849320268 0.141989344312
trafficcone 0 0 -0.3411988569009105 1643.964111 358.224304 1655.572021 395.707214 0.761938 0.353893 0.092422 16.2840234678 -3.73136067554 50.2175027596 -0.0276274703177
pedestrian 0 1 1.4509918914481164 1565.044312 185.764053 1583.263794 236.076477 1.752927 0.515396 0.47416 24.2675516809 -11.9506702028 83.8229834258 1.73279682333
trafficcone 0 0 0.06231815694817161 1643.247925 194.618546 1678.122559 221.234772 0.910173 0.655312 1.208755 28.5640482883 -12.9302147791 86.7056633689 0.380557866485
trafficcone 0 0 0.3847740737240297 70.113945 594.523682 95.806702 658.628418 0.710883 0.31946 0.140413 -10.9540924349 1.05235985305 27.9701023855 0.0114989752416
car 0 0 4.667797993896762 972.024475 113.446281 995.753235 135.387786 1.525149 1.769515 4.277447 3.56283282588 -33.5478791487 180.365156467 4.68754886818
trafficcone 0 1 0.11621629397235322 639.241943 335.752228 652.959839 373.041168 0.78345 0.32512 0.261201 -6.93517648427 -4.32502294784 51.5149929163 -0.0176035664774
car 2 1 0 0 136.882278331 39.5994229183 163.659030971 0 0 0 0.0 0.0 0.0 0.0
trafficcone 0 2 0 542.656266938 335.995075863 553.027544369 364.280377948 0 0 0 0.0 0.0 0.0 0.0
trafficcone 0 2 0 593.884091824 320.909581418 604.255369255 350.137726906 0 0 0 0.0 0.0 0.0 0.0
car 0 0 0 951.904242133 97.4185197952 969.909932117 112.87795059 0 0 0 0.0 0.0 0.0 0.0
trafficcone 0 0 0 1435.05014512 265.278698734 1444.65317978 290.595790106 0 0 0 0.0 0.0 0.0 0.0
