cyclist 0 1 2.857909193415841 1601.635132 308.328552 1678.614624 388.51773 1.66014 0.781976 1.448687 16.3270990282 -3.99071905349 51.168507795 3.16678183444
trafficcone 0 0 2.7196145408045362 1773.151367 518.129395 1789.658935 569.200684 0.722861 0.131951 0.140603 12.9339705522 0.0081563313745 33.6647762342 3.08642552443
unknown_unmovable 0 0 -1.4416641632186127 531.775024 347.264679 643.82788 387.581299 0.738704 2.410715 0.839044 -8.03167753291 -3.92134106904 49.8756424988 -1.60132751764
trafficcone 0 0 2.7812829152891787 1800.07019 370.350983 1813.214233 406.278504 0.733075 0.14312 0.175719 19.244357928 -3.37582969543 48.5959002517 3.15834305242
trafficcone 0 0 2.7321185166899893 1699.068848 368.681763 1711.655152 406.056366 0.76134 0.147197 0.166421 17.0033302142 -3.38383920741 48.6258767089 3.06850518134
trafficcone 0 0 1.5444035635453097 1599.562744 198.134384 1608.934326 213.754547 0.573589 0.326453 0.239391 27.19240642 -13.6091487591 89.523024609 1.8392949931
car 0 0 4.48334989401606 1302.553833 643.19458 1534.330566 838.927856 0.823379 1.559129 4.252555 5.19917430746 2.12577508977 24.3639302685 4.69359277373
pedestrian 0 1 3.3189963870325387 1699.340942 306.299591 1724.857544 383.342407 1.666246 0.312276 0.402884 18.3718942527 -4.15961103015 52.1728262434 3.65757221752
trafficcone 0 0 1.9564964750748608 67.971077 594.334045 93.501999 662.656799 0.804488 0.198476 0.14367 -10.9500531231 1.12016511088 27.8970149411 1.58245754254
trafficcone 0 0 3.701912957195174 1694.176636 312.939362 1703.70752 329.095368 0.399325 0.205274 0.135586 21.331310619 -6.30595206222 61.4579055597 4.03599134751
cyclist 0 1 2.8590061090416037 1561.132813 300.452789 1635.6344 374.456329 1.57874 0.801688 1.464108 15.8640229726 -4.43778319991 52.8565436481 3.15058543734
car 0 0 4.6253655162808105 951.040771 454.6745 1084.508544 590.792786 1.134461 1.710933 4.334021 1.14287375374 -0.163765112694 34.3058086355 4.65866749275
trafficcone 1 0 1.9382958991078107 0 649.051086 11.204771 717.835754 0.732286 0.177827 0.12969 -10.8636163291 1.60972294985 25.2521028513 1.53202365962
trafficcone 0 0 2.7064286395572097 1821.612183 354.905548 1834.013306 381.486633 0.569654 0.169617 0.1724 21.0419879108 -4.15439187821 51.8444171376 3.09198334643
motorcyclist 0 2 2.904692963286283 1342.665039 176.401062 1385.503174 202.246597 1.053787 0.848513 1.763657 19.6615364097 -15.9515051609 101.502310532 3.09602867402
car 0 0 4.617476084276388 951.543213 184.253815 999.178772 221.544312 1.231016 1.700419 4.203171 1.50124576791 -14.3843874387 95.749473819 4.63315369283
trafficcone 0 1 2.829653989037878 1636.948364 330.417328 1649.153198 367.208893 0.838933 0.191662 0.186698 17.529571352 -4.70755342995 54.5759992238 3.1404411086
unknown_unmovable 0 1 3.4700428640491663 94.664856 508.015869 274.47226 573.901428 0.741832 0.930755 2.322117 -11.3010447996 -0.016978439226 32.7844326101 3.13809058894
trafficcone 0 2 3.2959685646570587 541.057312 334.773376 553.831604 368.588226 0.715038 0.246888 0.232537 -9.23959117093 -4.40795781015 51.3981929358 3.1181033546
pedestrian 0 0 1.3597850806443945 1616.556396 205.471115 1643.478149 255.921066 1.597923 0.710069 0.491123 24.0759631209 -10.2491265358 76.4258517612 1.66496756722
trafficcone 0 0 3.455353498640973 224.466507 536.324463 247.64444 594.428467 0.752032 0.192061 0.215112 -10.0378428268 0.337513166218 31.1948859027 3.14403811195
trafficcone 0 1 2.772322549166392 1565.945068 324.105255 1577.454589 358.224975 0.798565 0.178772 0.185392 16.1943030661 -5.05588541043 56.1117629734 3.05329546893
unknown_unmovable 0 1 -1.2829985792618026 17.429789 559.433594 209.640116 631.391907 0.698443 2.232409 0.818377 -11.1101269311 0.68602323166 29.4722190608 -1.64349479309
car 0 0 4.674222004959379 978.420593 130.685287 1008.814819 159.021942 1.534034 1.826408 4.250784 3.45743524773 -25.203040773 143.105052012 4.69837742589
trafficcone 0 1 3.2347656590057325 640.85791 339.218353 652.909302 374.608551 0.754592 0.220421 0.239578 -6.91976451772 -4.2850149987 51.5323693485 3.10128415017
pedestrian 0 0 1.5066163540510682 1568.11731 220.618637 1592.07837 272.935913 1.592613 0.65593 0.313622 21.3672076419 -9.27054098119 73.127258505 1.79089463939
unknown_unmovable 0 1 3.234679244149923 556.862549 329.54187 667.805298 363.089325 0.645436 0.76039 2.581808 -7.94328132096 -4.71492100708 52.9954988364 3.08590082708
motorcyclist 0 2 2.968059404080707 1346.751953 178.178757 1396.591553 206.92894 1.178367 0.726512 2.106744 19.7872456361 -15.565407143 100.372429815 3.16270177756
trafficcone 0 2 3.1744590478953025 593.843567 318.400482 603.309815 346.220703 0.623847 0.186426 0.205555 -8.50003917329 -5.17698822745 54.3376157323 3.01928649381
trafficcone 0 0 3.8457354932719747 1590.773071 292.512268 1598.39624 305.621918 0.346971 0.141256 0.139255 19.5811719747 -7.3663024462 65.4093911027 4.13660806827
motorcyclist 0 1 2.9129776394670728 1349.010254 183.095978 1400.027954 209.896683 1.050987 0.830371 2.062106 19.3906926066 -15.0358644057 97.7055618172 3.10889245343
trafficcone 0 1 3.28980265077921 616.406677 305.674164 622.964416 331.764374 0.629045 0.115303 0.134014 -8.42246580768 -5.81569392433 57.3789760333 3.14405684734
trafficcone 0 0 2.7330804312722567 1880.39856 373.75116 1892.615845 410.263611 0.746108 0.142328 0.14221 21.0405940527 -3.29628155838 48.6470668498 3.14129923033
trafficcone 1 0 2.6711247005967738 1911.813721 360.926636 1919.0 395.355957 0.721153 0.239032 0.170786 22.7861510773 -3.78198041318 50.9070761485 3.09198334643
cyclist 0 1 0.5555044602803065 1509.335327 227.863052 1553.113159 267.554138 1.14819 0.790004 1.13475 20.1693296313 -9.68374652948 74.6909832543 0.81925078771
car 0 0 -1.377173585967021 135.146576 798.309631 472.904724 1067.743286 0.590925 1.979271 4.231456 -5.33773578466 3.13292082614 18.957840947 -1.65162663245
trafficcone 0 0 2.7831692705727056 1730.435547 344.081757 1742.462525 376.970856 0.727746 0.169078 0.173594 19.2878026322 -4.34824811132 52.9934748056 3.13223104178
trafficcone 0 1 3.4977037104764634 62.758018 532.27478 82.885818 593.763794 0.813229 0.116495 0.170276 -12.3482072192 0.336504042421 31.1616286662 3.12042284315
car 0 1 4.670614312939543 975.662964 112.691978 1003.666016 138.718948 1.735072 2.017633 4.215837 3.83226843119 -31.6146113448 171.254785292 4.69298816334
car 0 0 4.683942547154715 862.960571 150.040436 903.151306 187.244568 1.611601 2.011926 4.191307 -3.07982956781 -19.1471951232 116.47720178 4.65750722706
trafficcone 0 1 0.042043262819470906 1689.347412 199.958939 1698.965088 215.971009 0.571808 0.27787 0.31043 30.2424949526 -13.2488339975 87.6852592405 0.374165908719
cyclist 0 0 2.8775041012596807 1405.646606 199.528336 1447.234008 227.320404 0.98899 0.776961 1.457178 19.765101899 -13.0261164415 88.9463330082 3.09616501315
trafficcone 0 0 4.310907952424099 1832.422729 552.028748 1853.008667 610.527344 0.772444 0.167331 0.145359 12.9322928336 0.561266291569 31.3839471389 4.70177354493
trafficcone 0 0 2.7838521579301307 1644.615234 359.110535 1656.516601 394.428528 0.738777 0.169528 0.162751 16.2762732283 -3.73957412512 50.1341252933 3.09777160179
car 0 1 4.580535222443113 1144.836914 138.960175 1183.355102 166.18509 1.349808 1.797608 4.16332 13.6604143802 -23.1584225268 133.765845529 4.68230426305
trafficcone 0 0 1.6600226656288508 1643.155396 193.832245 1679.41919 222.102493 0.988648 1.278072 0.365625 28.632789516 -12.9113934582 86.853950323 1.97846894614
pedestrian 0 0 1.5110786573898864 1595.285156 222.417587 1615.780517 274.956024 1.585687 0.530861 0.44635 22.1599439258 -9.18902114512 72.9387438929 1.80603251267
car 2 1 0 0 135.851133364 40.3157705036 164.951238389 0 0 0 0.0 0.0 0.0 0.0
truck 0 1 0 54.0727600657 116.722853782 150.9761098 165.698330539 0 0 0 0.0 0.0 0.0 0.0
car 0 1 0 708.871711237 102.661758985 732.697422226 121.394951595 0 0 0 0.0 0.0 0.0 0.0
car 0 1 0 723.967390719 98.2967432308 744.15558858 113.0286714 0 0 0 0.0 0.0 0.0 0.0
car 0 1 0 751.430614836 88.8392090976 769.43630482 102.479883328 0 0 0 0.0 0.0 0.0 0.0
car 0 1 0 760.342522 99.5698728256 780.166968548 115.756806246 0 0 0 0.0 0.0 0.0 0.0
car 0 1 0 971.853224303 106.856951148 997.113732138 130.096618356 0 0 0 0.0 0.0 0.0 0.0
car 0 1 0 958.59145769 100.41552165 975.3896954 114.308800959 0 0 0 0.0 0.0 0.0 0.0
trafficcone 0 1 0 1616.35722476 357.096391504 1630.4998758 386.324536991 0 0 0 0.0 0.0 0.0 0.0
trafficcone 0 0 0 1435.11807184 266.380447333 1446.03061123 290.024282666 0 0 0 0.0 0.0 0.0 0.0
motorcyclist 0 1 0 1371.57702252 180.216741438 1409.77091036 214.409364842 0 0 0 0.0 0.0 0.0 0.0
