trafficcone 0 0 -0.42676315317799884 1879.965942 373.435181 1892.285034 412.518799 0.76806 0.376861 0.037148 21.0876424981 -3.27595714305 48.7784336115 -0.0187130900939
trafficcone 0 0 -0.24751439380486043 1731.977783 344.511383 1742.532837 378.174927 0.727923 0.305582 0.119256 19.3413402253 -4.33839935713 53.0870091902 0.101871598215
unknown_unmovable 0 1 0.11941239546162992 558.18927 328.3508 666.289185 365.261078 0.724696 0.811221 2.49112 -7.94596029111 -4.66528422467 53.004743559 -0.0293898854045
trafficcone 0 1 0.38855307350966634 65.086212 534.627808 82.398514 589.736756 0.680567 0.332219 0.054224 -12.355458373 0.259053475441 31.1987168326 0.0114784834438
trafficcone 1 0 -0.3941460998960459 1910.211182 360.866364 1919.0 398.297455 0.778226 0.310769 0.422116 22.9065286515 -3.72657199037 50.9579339646 0.0283072503454
car 0 1 4.638431416998496 981.712097 127.288704 1012.817444 156.903809 1.648106 1.766171 4.236684 3.76572132193 -25.8069396702 145.798889766 4.66425386529
unknown_unmovable 0 0 0.1274842768793761 530.791321 343.263855 644.257141 385.452576 0.774766 0.857484 2.437314 -8.02572804424 -3.96323394563 49.8077745548 -0.0322765245875
motorcyclist 0 0 4.559387137455792 1349.421265 176.418655 1369.535279 221.645767 1.683776 0.50918 1.875443 18.0000779956 -14.0328393417 94.0244869224 4.74853885344
cyclist 0 1 2.9220158738883715 1558.926025 299.67984 1627.512085 373.489532 1.586712 0.747694 1.378159 15.8691021225 -4.49682792255 53.2895082018 3.2114442499
trafficcone 0 0 -0.42007124306690746 1828.210693 554.240784 1851.119629 610.586975 0.699518 0.341956 0.121235 12.9286868881 0.540305155921 31.4748852153 -0.030321842751
car 0 0 4.628123536354242 995.346558 136.021439 1035.801514 178.4086 2.005577 1.924291 4.27401 4.21130483242 -20.7391957929 123.397708084 4.66223819741
trafficcone 0 0 -0.3195002126192449 1591.126831 291.683502 1599.755859 307.054504 0.415815 0.140081 0.188836 19.6365620574 -7.33560276441 65.5162416743 -0.0282998410492
car 0 0 4.712015518587926 970.053284 110.139252 991.95868 131.775086 1.603028 1.883857 4.200779 3.52047750597 -35.6946183385 190.37484302 4.7305057573
trafficcone 0 0 -0.2965524287953676 1643.19873 360.204376 1655.313232 394.777008 0.706171 0.30278 0.137755 16.2663680045 -3.7455917424 50.1932463483 0.0168424623244
trafficcone 0 0 -0.32855075854409094 1699.404053 370.162079 1711.802979 408.526795 0.753978 0.362292 0.098331 17.0311291347 -3.35205007392 48.6899868437 0.00793437935763
pedestrian 0 0 1.359810029200076 1550.990479 205.354736 1572.522583 254.38649 1.578045 0.541235 0.568617 22.1022715386 -10.4949099323 77.8640591108 1.63639189206
trafficcone 0 0 -0.24493970203069218 1785.457764 328.646851 1797.402344 345.663819 0.399139 0.242007 0.220056 22.9651815867 -5.63510094067 58.9758145747 0.126395468979
trafficcone 0 1 -0.13228590988625932 1696.256958 312.635681 1706.038452 330.159973 0.440458 0.15158 0.212694 21.3836909465 -6.27291249127 61.4352625712 0.202667325006
trafficcone 0 1 -0.18890858926990406 1639.46814 333.385406 1651.729859 366.141418 0.72754 0.309412 0.192125 17.6047429612 -4.74366601517 54.6005075484 0.122995442299
trafficcone 0 0 -0.3073339920711627 1821.989624 354.139252 1832.3479 387.361054 0.697155 0.331493 0.078318 21.037394247 -4.03812531958 51.8847821386 0.0778735546306
trafficcone 0 0 0.29912044458538817 225.482697 534.115234 245.331742 592.54309 0.731791 0.307562 0.13686 -10.063461718 0.299449539035 31.2436953886 -0.0124824276767
car 0 0 4.562909997341942 1048.591675 264.858307 1133.816162 326.714234 1.188005 1.804522 4.273916 4.2553796623 -6.71365056794 62.4071622605 4.63099197213
truck 0 1 0.3454120071614161 46.520672 116.910957 152.908825 167.540588 2.607152 2.191593 5.127224 -48.7072702716 -21.8487367359 126.851374981 -0.0212005041955
unknown_unmovable 0 1 -1.2321830213335883 98.351181 507.437592 274.254028 571.886902 0.744756 2.288898 0.838112 -11.2539714861 -0.032005924779 32.7156002128 -1.56349733222
pedestrian 0 1 1.320007311637727 1575.075073 190.876785 1595.341919 237.315933 1.572128 0.45892 0.802868 24.3323557857 -11.7424258164 82.5915914526 1.60651236973
car 0 1 4.5312359568152445 1192.044678 162.217651 1235.649536 197.299133 1.395051 1.420373 4.2386 13.7453670608 -17.6467358372 110.144052042 4.6553885645
trafficcone 0 1 -0.38671386711206884 1689.358276 198.738113 1699.960937 218.221832 0.707406 0.268024 0.274322 30.3034563821 -13.1815062766 87.8191928708 -0.0544409430984
cyclist 0 1 2.8637551696562915 1605.295166 313.796204 1676.31189 390.811036 1.60461 0.617271 1.357224 16.2937584357 -3.9167646103 51.0025129768 3.1729770151
unknown_unmovable 0 1 -1.2527090447767375 18.807768 558.705994 208.599455 628.787232 0.688577 2.198918 0.837524 -11.1438839099 0.661699721154 29.5626961831 -1.61319488843
car 0 0 -1.495122867427913 760.115723 368.047974 874.180237 480.531769 1.334444 1.824398 4.264412 -2.28160216028 -1.94248883505 41.5435812678 -1.54998843867
trafficcone 0 1 -0.2656075048720579 1565.480835 324.911407 1576.131714 355.426879 0.697954 0.315916 0.146069 16.1932788815 -5.13686418262 56.1774100559 0.0150372282944
trafficcone 0 1 -0.10617760402841481 1654.566772 305.294464 1663.834838 322.250397 0.431101 0.190667 0.207617 20.6428575832 -6.62369207566 62.7667362196 0.211561527594
trafficcone 1 0 0.39760791820715286 0 658.669006 11.992634 725.099914 0.663177 0.301138 0.302201 -11.0169836408 1.67446173667 25.404248762 -0.0115807698635
car 0 0 1.8935689284428685 195.394943 269.558746 314.570709 358.974029 1.594267 1.436358 4.373065 -17.0028636203 -5.17047838554 54.5254400941 1.5912912979
trafficcone 0 1 0.11871427575650871 641.071045 336.700317 651.224487 373.401275 0.767372 0.354021 0.173911 -6.93712529481 -4.32047068579 51.5344684731 -0.0150927564864
trafficcone 0 0 0.1427590759761168 1643.421631 193.975586 1678.458985 221.744675 0.958416 0.503776 1.19504 28.5972847408 -12.9202724913 86.7838752618 0.461076438187
trafficcone 0 0 -0.3702075644602612 1768.869385 518.101013 1788.427857 570.295166 0.704405 0.301996 0.128555 12.8870992636 0.0060312745895 33.6524009034 -0.00448758456648
trafficcone 0 1 -0.28838056693808584 1618.321167 348.550018 1630.320801 385.370758 0.756231 0.414817 0.109377 16.0072070037 -4.03431499718 51.1991703735 0.0146371497111
cyclist 0 1 1.2531003024668057 1513.828125 228.054993 1550.453003 266.667878 1.078239 0.636716 1.785923 20.2450068044 -9.75602221151 74.8673249092 1.51719590069
trafficcone 0 2 0.12864738202536605 542.432068 336.195801 552.383911 366.440186 0.628078 0.308685 0.168319 -9.24245906327 -4.4595659031 51.3989726181 -0.0492692360633
pedestrian 0 1 2.8824468121835576 1697.612793 308.81958 1715.915894 381.508881 1.576364 0.437273 0.199544 18.3007603558 -4.21119600681 52.3247382447 3.21890201589
trafficcone 0 1 0.1026520108722755 615.591064 303.657166 623.984802 336.022248 0.759253 0.324524 0.161759 -8.42538024269 -5.72956106486 57.4340753314 -0.043005615764
trafficcone 0 0 0.33108588210107903 72.17939 594.252441 94.733116 657.254699 0.699146 0.300974 0.122242 -10.9268900537 1.03554376553 27.9151218507 -0.0420130980888
car 0 1 4.555292013221457 1144.592651 139.405762 1182.518066 172.930863 1.645439 1.580416 4.27906 13.2755903702 -22.2025378667 130.354410679 4.65678437048
trafficcone 0 0 -0.36905478335415015 1800.199829 372.270386 1814.163086 409.235718 0.724253 0.371732 0.108488 19.322015501 -3.34285807915 48.7613829393 0.00822028860291
car 0 0 4.626192295191609 1018.679382 177.495407 1067.091186 217.72258 1.399657 1.806838 4.269356 4.57144156549 -14.9095509538 98.2180269067 4.672702543
pedestrian 0 0 1.3984574266893561 1571.728027 208.012634 1591.50708 255.003967 1.514513 0.511218 0.484667 22.7993710878 -10.466111188 77.823332741 1.68344598634
trafficcone 0 2 0 594.92240105 321.927328342 605.616689647 351.172933893 0 0 0 0.0 0.0 0.0 0.0
car 0 1 0 747.363300416 93.6869810209 767.466454567 110.316815345 0 0 0 0.0 0.0 0.0 0.0
car 2 1 0 0 135.650494654 41.7993908582 164.564359007 0 0 0 0.0 0.0 0.0 0.0
trafficcone 0 0 0 1434.78295568 266.283114526 1445.69549507 289.563198546 0 0 0 0.0 0.0 0.0 0.0
cyclist 0 0 0 1406.87042594 195.806152167 1448.99282797 228.107268745 0 0 0 0.0 0.0 0.0 0.0
